50
10
0.633 0.667 0.692 0.775 0.617 0.325 0.650 0.158 0.783 0.808
0.242 0.183 0.700 0.592 0.217 0.858 0.100 0.317 0.850 0.492
10
0.94 0.65 0.97 0.77 0.55 0.71 0.58 0.61 0.74 0.90
0.45 0.10 0.48 0.16 0.39 0.32 0.13 0.06 0.29 0.23
8
0.40 0.39 0.71 0.49 0.85 0.75 0.65 0.21
0.56 0.24 0.17 0.20 0.11 0.31 0.23 0.29
10
0.28 0.24 0.17 0.08 0.43 0.22 0.07 0.37 0.36 0.26
0.68 0.87 0.54 0.45 0.57 0.96 0.56 0.84 0.58 0.98
2
0.67 0.75
0.50 0.08
10
0.954 0.926 0.463 0.287 0.778 0.130 0.565 0.722 0.537 0.500
0.991 0.361 0.556 0.963 0.241 0.352 0.204 0.009 0.083 0.833
10
0.52 0.39 0.54 0.16 0.88 0.43 0.81 0.12 0.08 0.51
0.40 0.67 0.41 0.32 0.09 0.49 0.86 0.80 0.56 0.63
10
0.68 0.95 0.05 0.60 0.73 0.98 0.59 0.65 0.22 0.29
0.83 0.13 0.06 0.75 0.24 0.71 0.94 0.51 0.78 0.10
10
0.98 0.77 0.62 0.97 0.67 0.85 0.75 0.73 0.87 0.68
0.13 0.15 0.50 0.12 0.47 0.45 0.28 0.35 0.42 0.27
10
0.33 0.36 0.45 0.24 0.27 0.12 0.39 0.18 0.15 0.06
0.64 0.61 0.52 0.48 0.67 0.88 0.79 0.82 0.94 0.76
6
0.97 0.66 0.62 0.91 0.94 0.84
0.41 0.19 0.25 0.38 0.34 0.09
3
0.70 0.30 0.50
0.35 0.20 0.80
10
0.57 0.53 0.95 0.84 0.75 0.65 0.87 0.45 0.66 0.92
0.35 0.08 0.12 0.10 0.13 0.25 0.23 0.34 0.27 0.09
10
0.24 0.60 0.54 0.42 0.59 0.44 0.14 0.33 0.27 0.31
0.94 0.83 0.84 0.73 0.68 0.96 0.98 0.82 0.99 0.77
6
0.30 0.21 0.24 0.40 0.06 0.49
0.69 0.87 0.94 0.86 0.51 0.70
9
0.39 0.32 0.58 0.85 0.73 0.97 0.95 0.13 0.90
0.18 0.61 0.77 0.65 0.74 0.82 0.24 0.08 0.63
10
0.288 0.760 0.606 0.740 0.817 0.904 0.981 0.875 0.577 0.683
0.490 0.702 0.856 0.779 0.721 0.442 0.250 0.298 0.163 0.308
1
0.5
0.6
9
0.44 0.22 0.16 0.20 0.09 0.15 0.40 0.38 0.33
0.51 0.53 0.56 0.75 0.45 0.67 0.84 0.64 0.47
10
0.79 0.52 0.48 0.56 0.54 0.91 0.71 0.90 0.75 0.72
0.05 0.02 0.24 0.42 0.15 0.03 0.26 0.21 0.08 0.20
10
0.83 0.60 0.80 0.90 0.40 0.15 0.05 0.45 0.95 0.73
0.33 0.38 0.65 0.98 0.27 0.12 0.48 0.55 0.63 0.22
6
0.59 0.17 0.09 0.10 0.43 0.52
0.49 0.23 0.55 0.13 0.65 0.20
10
0.21 0.29 0.61 0.08 0.42 0.03 0.95 0.82 0.79 0.92
0.55 0.84 0.24 0.66 0.18 0.26 0.87 0.53 0.47 0.37
10
0.018 0.412 0.491 0.482 0.167 0.474 0.325 0.465 0.579 0.079
0.956 0.912 0.737 0.789 0.825 0.939 0.632 0.605 0.754 0.684
10
0.21 0.71 0.12 0.38 0.82 0.26 0.44 0.76 0.94 0.35
0.59 0.24 0.68 0.32 0.56 0.03 0.06 0.74 0.91 0.29
10
0.627 0.588 0.314 0.225 0.422 0.206 0.167 0.863 0.471 0.490
0.824 0.853 0.353 0.216 0.520 0.775 0.647 0.029 0.922 0.186
1
0.2
0.5
7
0.31 0.81 0.69 0.19 0.06 0.75 0.12
0.94 0.88 0.56 0.62 0.50 0.44 0.38
10
0.72 0.66 0.64 0.67 0.91 0.61 0.97 0.84 0.82 0.99
0.36 0.13 0.28 0.12 0.45 0.55 0.01 0.54 0.34 0.51
6
0.49 0.02 0.84 0.89 0.03 0.60
0.25 0.40 0.75 0.44 0.19 0.70
10
0.59 0.98 0.08 0.35 0.15 0.34 0.47 0.66 0.13 0.45
0.04 0.23 0.96 0.63 0.33 0.11 0.93 0.70 0.03 0.29
7
0.03 0.28 0.31 0.42 0.06 0.39 0.08
0.72 0.92 0.83 0.67 0.89 0.81 0.75
1
0.3
0.4
7
0.52 0.46 0.85 0.56 0.06 0.60 0.69
0.90 0.96 0.54 0.37 0.42 0.83 0.17
10
0.30 0.19 0.11 0.97 0.25 0.92 0.46 0.06 0.37 0.14
0.60 0.16 0.40 0.87 0.56 0.67 0.86 0.89 0.43 0.52
10
0.485 0.366 0.119 0.980 0.426 0.327 0.218 0.950 0.901 0.861
0.713 0.941 0.673 0.277 0.564 0.614 0.475 0.822 0.960 0.723
10
0.24 0.30 0.63 0.68 0.99 0.32 0.14 0.27 0.79 0.52
0.66 0.62 0.18 0.07 0.54 0.90 0.89 0.41 0.04 0.59
10
0.21 0.44 0.58 0.81 0.79 0.28 0.26 0.09 0.42 0.37
0.88 0.05 0.65 0.47 0.16 0.72 0.91 0.14 0.02 0.49
5
0.97 0.45 0.24 0.42 0.58
0.79 0.70 0.55 0.12 0.91
3
0.4 0.8 0.6
0.9 0.1 0.2
3
0.23 0.85 0.46
0.54 0.38 0.77
2
0.31 0.19
0.81 0.38
10
0.52 0.09 0.55 0.25 0.96 0.87 0.28 0.45 0.16 0.23
0.80 0.07 0.36 0.71 0.35 0.99 0.48 0.70 0.88 0.13
8
0.18 0.36 0.27 0.09 0.30 0.34 0.41 0.25
0.70 0.52 0.66 0.43 0.77 0.82 0.98 0.91
2
0.8 0.4
0.6 0.2
3
0.95 0.05 0.65
0.45 0.60 0.75
10
0.83 0.81 0.29 0.46 0.38 0.98 0.42 0.94 0.33 0.71
0.48 0.58 0.79 0.75 0.60 0.25 0.15 0.92 0.69 0.02
6
0.07 0.04 0.43 0.18 0.14 0.36
0.82 0.93 0.57 0.55 0.88 0.46
1
0.7
0.3
10
0.655 0.336 0.160 0.571 0.185 0.092 0.731 0.067 0.471 0.370
0.529 0.403 0.689 0.034 0.723 0.387 0.487 0.807 0.597 0.353
